v<-c(32,68,14,0,113,104,198)
v
c<-5/9*(v-32)
c